sn	fc9086852125227d4e497f4d54b6590a527032ba	origin/main
server	0f095a639e111f71d231cd6f792a191cbc6b0a69	origin/main
operator-proxy	448369740c70eb2e642bde9d36f3708fe9ad4b5d	origin/main
connect	2a0f603e8076224fdab4d9f56e5a0a557ed513d9	origin/main
sdk	0dc2fb0f6f8a7e484e96bbdde09a690ae108dc8b	origin/main
glog	892ade4a6be396b32ea82a550f243190b5992180	origin/master
goidenticons	325750b38314313dc5f44c880ab6f12f6c1ecb3c	origin/main
proxy	6204ae7df2a9868bbb3a7b61231917a36e4f5c9f	origin/main
userwireguard	85fb1ca4086fa5dbfcda526bec7a17a894e691b9	origin/master
warp	7498864c7cd3605aad3c43eabfab9008ed7f7228	origin/main
vault	8b2f481dbe87092d0c1742274712a6f805c1c375	origin/main
xops	d33d4173767ad9dab2f301bc0b0e040579bee896	origin/main
config	268f11b7e7d9c43eda3fd6f34447d26c2f0c21dc	origin/main
